4.585000000000000000e+03 4.585000000000000000e+03 2.751000000000000000e+03 4.585000000000000000e+03 6.419000000000000000e+03 2.751000000000000000e+03 2.751000000000000000e+03 4.585000000000000000e+03 8.253000000000000000e+03 6.419000000000000000e+03
4.585000000000000000e+03 4.585000000000000000e+03 6.419000000000000000e+03 6.419000000000000000e+03 4.585000000000000000e+03 4.585000000000000000e+03 6.419000000000000000e+03 2.751000000000000000e+03 8.253000000000000000e+03 8.253000000000000000e+03
4.585000000000000000e+03 8.253000000000000000e+03 2.751000000000000000e+03 4.585000000000000000e+03 6.419000000000000000e+03 2.751000000000000000e+03 4.585000000000000000e+03 2.751000000000000000e+03 6.419000000000000000e+03 4.585000000000000000e+03
6.419000000000000000e+03 4.585000000000000000e+03 6.419000000000000000e+03 4.585000000000000000e+03 6.419000000000000000e+03 6.419000000000000000e+03 6.419000000000000000e+03 4.585000000000000000e+03 4.585000000000000000e+03 4.585000000000000000e+03
4.585000000000000000e+03 6.419000000000000000e+03 4.585000000000000000e+03 4.585000000000000000e+03 8.253000000000000000e+03 4.585000000000000000e+03 6.419000000000000000e+03 4.585000000000000000e+03 6.419000000000000000e+03 4.585000000000000000e+03
8.253000000000000000e+03 6.419000000000000000e+03 8.253000000000000000e+03 6.419000000000000000e+03 8.253000000000000000e+03 4.585000000000000000e+03 4.585000000000000000e+03 4.585000000000000000e+03 6.419000000000000000e+03 6.419000000000000000e+03
8.253000000000000000e+03 8.253000000000000000e+03 6.419000000000000000e+03 6.419000000000000000e+03 4.585000000000000000e+03 6.419000000000000000e+03 6.419000000000000000e+03 6.419000000000000000e+03 6.419000000000000000e+03 6.419000000000000000e+03
6.419000000000000000e+03 6.419000000000000000e+03 1.008700000000000000e+04 8.253000000000000000e+03 8.253000000000000000e+03 6.419000000000000000e+03 1.008700000000000000e+04 8.253000000000000000e+03 6.419000000000000000e+03 8.253000000000000000e+03
1.008700000000000000e+04 8.253000000000000000e+03 1.008700000000000000e+04 8.253000000000000000e+03 8.253000000000000000e+03 1.008700000000000000e+04 1.008700000000000000e+04 1.008700000000000000e+04 1.192100000000000000e+04 8.253000000000000000e+03
8.253000000000000000e+03 1.192100000000000000e+04 1.008700000000000000e+04 1.192100000000000000e+04 1.192100000000000000e+04 1.192100000000000000e+04 1.192100000000000000e+04 1.192100000000000000e+04 1.008700000000000000e+04 1.008700000000000000e+04
1.192100000000000000e+04 1.375500000000000000e+04 1.192100000000000000e+04 1.192100000000000000e+04 1.192100000000000000e+04 1.375500000000000000e+04 1.192100000000000000e+04 1.375500000000000000e+04 1.375500000000000000e+04 1.375500000000000000e+04
1.742300000000000000e+04 1.375500000000000000e+04 1.558900000000000000e+04 1.558900000000000000e+04 1.192100000000000000e+04 1.375500000000000000e+04 1.925700000000000000e+04 1.192100000000000000e+04 1.008700000000000000e+04 1.558900000000000000e+04
1.558900000000000000e+04 1.558900000000000000e+04 1.375500000000000000e+04 1.742300000000000000e+04 1.558900000000000000e+04 1.558900000000000000e+04 1.375500000000000000e+04 1.742300000000000000e+04 1.925700000000000000e+04 1.192100000000000000e+04
