0.000000000000000000e+00 9.781454545454545402e-01 9.782181818181817645e-01 9.779090909090909500e-01
2.999999999999999889e-01 9.764545454545454639e-01 9.770545454545455089e-01 9.752545454545454851e-01
5.000000000000000000e-01 9.732727272727272894e-01 9.729818181818181699e-01 9.731090909090909236e-01
8.499999999999999778e-01 9.560727272727272963e-01 9.565818181818181998e-01 9.558545454545454012e-01
9.000000000000000222e-01 9.521818181818181293e-01 9.524545454545454426e-01 9.510727272727272918e-01
9.300000000000000488e-01 9.443454545454545990e-01 9.473272727272726845e-01 9.407454545454545514e-01
9.599999999999999645e-01 9.354727272727272336e-01 9.356363636363635994e-01 9.378181818181817730e-01
9.649999999999999689e-01 9.362909090909090626e-01 9.354545454545454275e-01 9.347090909090909339e-01
9.799999999999999822e-01 9.268181818181817633e-01 9.228909090909090951e-01 9.218545454545454820e-01
9.899999999999999911e-01 9.017454545454545167e-01 8.982181818181818045e-01 9.036181818181817649e-01
9.949999999999999956e-01 8.184363636363636285e-01 7.519090909090908603e-01 8.626000000000000334e-01
