0.000000000000000000e+00 2.751000000000000000e+03 2.751000000000000000e+03 2.751000000000000000e+03
2.999999999999999889e-01 2.751000000000000000e+03 2.751000000000000000e+03 2.751000000000000000e+03
5.000000000000000000e-01 2.751000000000000000e+03 2.751000000000000000e+03 2.751000000000000000e+03
8.499999999999999778e-01 2.751000000000000000e+03 2.751000000000000000e+03 2.751000000000000000e+03
9.000000000000000222e-01 2.751000000000000000e+03 2.751000000000000000e+03 2.751000000000000000e+03
9.300000000000000488e-01 2.751000000000000000e+03 2.751000000000000000e+03 2.751000000000000000e+03
9.599999999999999645e-01 2.751000000000000000e+03 2.751000000000000000e+03 2.751000000000000000e+03
9.649999999999999689e-01 2.751000000000000000e+03 2.751000000000000000e+03 2.751000000000000000e+03
9.799999999999999822e-01 2.751000000000000000e+03 2.751000000000000000e+03 2.751000000000000000e+03
9.899999999999999911e-01 2.751000000000000000e+03 2.751000000000000000e+03 2.751000000000000000e+03
9.949999999999999956e-01 2.751000000000000000e+03 2.751000000000000000e+03 2.751000000000000000e+03
