0.000000000000000000e+00 9.917272727272726796e-01 9.789818181818181753e-01 9.918181818181818210e-01
2.999999999999999889e-01 9.785090909090908839e-01 9.873454545454545261e-01 9.770545454545455089e-01
5.000000000000000000e-01 9.862545454545454948e-01 9.864909090909090850e-01 9.916000000000000369e-01
8.499999999999999778e-01 9.837272727272726724e-01 9.891636363636363560e-01 9.880727272727273247e-01
9.000000000000000222e-01 9.877818181818182053e-01 9.877818181818182053e-01 9.884727272727272807e-01
9.300000000000000488e-01 9.868181818181818166e-01 9.918181818181818210e-01 9.834363636363636640e-01
9.599999999999999645e-01 9.826000000000000290e-01 9.846181818181818368e-01 9.847272727272726733e-01
9.649999999999999689e-01 9.847272727272726733e-01 9.793818181818181312e-01 9.785272727272726900e-01
9.799999999999999822e-01 9.746181818181818279e-01 9.716909090909090496e-01 9.737636363636363868e-01
9.899999999999999911e-01 9.558909090909091244e-01 9.545272727272727797e-01 9.574181818181818349e-01
9.949999999999999956e-01 9.102181818181818151e-01 8.998181818181818503e-01 9.088181818181818583e-01
