0.000000000000000000e+00 4.585000000000000000e+03 6.419000000000000000e+03 2.751000000000000000e+03
2.999999999999999889e-01 2.751000000000000000e+03 4.585000000000000000e+03 4.585000000000000000e+03
5.000000000000000000e-01 2.751000000000000000e+03 2.751000000000000000e+03 4.585000000000000000e+03
8.499999999999999778e-01 2.751000000000000000e+03 2.751000000000000000e+03 2.751000000000000000e+03
9.000000000000000222e-01 4.585000000000000000e+03 4.585000000000000000e+03 4.585000000000000000e+03
9.300000000000000488e-01 2.751000000000000000e+03 4.585000000000000000e+03 4.585000000000000000e+03
9.599999999999999645e-01 6.419000000000000000e+03 4.585000000000000000e+03 4.585000000000000000e+03
9.649999999999999689e-01 4.585000000000000000e+03 4.585000000000000000e+03 6.419000000000000000e+03
9.799999999999999822e-01 1.008700000000000000e+04 8.253000000000000000e+03 8.253000000000000000e+03
9.899999999999999911e-01 2.292500000000000000e+04 1.925700000000000000e+04 1.925700000000000000e+04
9.949999999999999956e-01 3.576300000000000000e+04 3.392900000000000000e+04 3.392900000000000000e+04
