0.000000000000000000e+00 9.877636363636363992e-01 9.913818181818181419e-01 9.777090909090908610e-01
2.999999999999999889e-01 9.816000000000000281e-01 9.909454545454545737e-01 9.905818181818182300e-01
5.000000000000000000e-01 9.848545454545454270e-01 9.852181818181817707e-01 9.929272727272727694e-01
8.499999999999999778e-01 9.889272727272727659e-01 9.879272727272727650e-01 9.889818181818181841e-01
9.000000000000000222e-01 9.956181818181818466e-01 9.956000000000000405e-01 9.952181818181817796e-01
9.300000000000000488e-01 9.844545454545454710e-01 9.939090909090909642e-01 9.942545454545455019e-01
9.599999999999999645e-01 9.914727272727272833e-01 9.876363636363636456e-01 9.873818181818181383e-01
9.649999999999999689e-01 9.855272727272726963e-01 9.870545454545454067e-01 9.894909090909090876e-01
9.799999999999999822e-01 9.833090909090909104e-01 9.813818181818181330e-01 9.808181818181818112e-01
9.899999999999999911e-01 9.660727272727273052e-01 9.641454545454545277e-01 9.633636363636363109e-01
9.949999999999999956e-01 9.025636363636363457e-01 9.177999999999999492e-01 9.252363636363636346e-01
