0.000000000000000000e+00 9.918909090909090454e-01 9.880363636363636015e-01 9.874181818181818615e-01
2.999999999999999889e-01 9.936181818181818448e-01 9.899090909090909607e-01 9.905090909090908946e-01
5.000000000000000000e-01 9.923818181818181428e-01 9.835090909090908884e-01 9.836181818181818359e-01
8.499999999999999778e-01 9.902727272727273045e-01 9.949272727272727712e-01 9.944181818181818677e-01
9.000000000000000222e-01 9.907818181818182079e-01 9.906181818181818421e-01 9.855818181818182255e-01
9.300000000000000488e-01 9.856909090909090621e-01 9.897636363636364010e-01 9.903090909090909166e-01
9.599999999999999645e-01 9.843454545454545235e-01 9.851999999999999647e-01 9.878727272727272357e-01
9.649999999999999689e-01 9.893818181818181401e-01 9.878181818181818175e-01 9.830363636363635971e-01
9.799999999999999822e-01 9.764000000000000457e-01 9.759090909090909483e-01 9.761272727272727323e-01
9.899999999999999911e-01 9.578363636363635969e-01 9.560363636363636841e-01 9.579090909090909323e-01
9.949999999999999956e-01 9.059454545454544983e-01 9.090909090909090606e-01 8.999636363636364100e-01
